{
 "avgAncestors": {
  "ZP": 3.1677964218246473,
  "GO": 10.619070436032583,
  "CHEBI": 19.694267515923567,
  "BSPO": 1,
  "ZFA": 6.333216783216783,
  "MPATH": 5.243386243386244,
  "PATO": 6.59539052496799,
  "ZFS": 1.9782608695652173
 },
 "avgParents": {
  "ZP": 1.1166796310701188,
  "GO": 1.501916626736943,
  "CHEBI": 1.4687898089171973,
  "BSPO": 1,
  "ZFA": 1.0216783216783216,
  "MPATH": 1.1428571428571428,
  "PATO": 1.179257362355954,
  "ZFS": 1
 }
}