{
 "avgAncestors": {
  "ZP": 17.967885320591176,
  "MP": 25.686914444558838,
  "HP": 27.28778648099797,
  "GO": 10.610991636798088,
  "UBERON": 8.8937265917603,
  "DOID": 5.961538461538462,
  "": 8.851162790697675,
  "WBPhenotype": 16.900791802515137,
  "CHEBI": 21,
  "ZFA": 22.607254970352283,
  "CL": 9.376847290640393,
  "FMA": 1,
  "IMR": 1,
  "PR": 7.1063829787234045,
  "NBO": 4.895081967213115,
  "BSPO": 1,
  "UPHENO": 1.5,
  "PATO": 6.591139240506329,
  "WBbt": 13.693121693121693,
  "BFO": 1.5,
  "nbo.owl/NBO": 4,
  "null": 1,
  "MPATH": 5.243386243386244,
  "NCBITaxon": 1,
  "WBls": 5.238095238095238,
  "ZFS": 1.9782608695652173
 },
 "avgParents": {
  "ZP": 2.5093899322146904,
  "MP": 1.8865438072686092,
  "HP": 1.9518421816071947,
  "GO": 1.5013142174432497,
  "UBERON": 1.5252808988764044,
  "DOID": 1.0576923076923077,
  "": 1.302325581395349,
  "WBPhenotype": 1.4629715882626921,
  "CHEBI": 1.4622991347342398,
  "ZFA": 2.583885594698291,
  "CL": 1.3165024630541873,
  "FMA": 1,
  "IMR": 1,
  "PR": 1,
  "NBO": 1.0655737704918034,
  "BSPO": 1,
  "UPHENO": 1,
  "PATO": 1.1810126582278482,
  "WBbt": 1.7248677248677249,
  "BFO": 1,
  "nbo.owl/NBO": 1,
  "null": 1,
  "MPATH": 1.1428571428571428,
  "NCBITaxon": 1,
  "WBls": 1,
  "ZFS": 1
 }
}