{
 "avgAncestors": {
  "MP": 22.95964171728611,
  "ZP": 15.921991332370263,
  "HP": 25.511945062385145,
  "GO": 10.61558689935453,
  "UBERON": 8.89989067624551,
  "DOID": 5.961538461538462,
  "": 8.297674418604652,
  "CHEBI": 21.024752475247524,
  "ZFA": 22.607254970352283,
  "CL": 9.407911001236094,
  "FMA": 1,
  "IMR": 1,
  "PR": 7.1063829787234045,
  "NBO": 4.895081967213115,
  "BSPO": 1,
  "UPHENO": 1.5,
  "PATO": 6.561626429479034,
  "BFO": 1.5,
  "nbo.owl/NBO": 4,
  "null": 1,
  "MPATH": 5.243386243386244,
  "NCBITaxon": 1,
  "ZFS": 1.9782608695652173
 },
 "avgParents": {
  "MP": 1.836610727890456,
  "ZP": 2.3353705967329703,
  "HP": 1.9516394235419285,
  "GO": 1.5015539086779823,
  "UBERON": 1.5256910823051695,
  "DOID": 1.0576923076923077,
  "": 1.2976744186046512,
  "CHEBI": 1.4628712871287128,
  "ZFA": 2.583885594698291,
  "CL": 1.3176761433868973,
  "FMA": 1,
  "IMR": 1,
  "PR": 1,
  "NBO": 1.0655737704918034,
  "BSPO": 1,
  "UPHENO": 1,
  "PATO": 1.1778907242693775,
  "BFO": 1,
  "nbo.owl/NBO": 1,
  "null": 1,
  "MPATH": 1.1428571428571428,
  "NCBITaxon": 1,
  "ZFS": 1
 }
}